3 7 11 15
3 14 11 18
1 13 5
3 7 11 18
1 7 13
1 13 7 5
4 8 10 17 16
1 5 7
3 14 7 11 18
4 10 9
1 5 13 8
2 6 11 15
2 6 11
1 7 13 5
3 11 7 8
3 7 18
1 7 13 5
3 8 14
3 8 11 15
2 12 6
4 10 8
4 8 10
3 14 8 11 7
2 11 6
1 5 7
3 7 11
3 14 11
4 9 8
3 8 7
3 7 14
2 6 11
2 11 12
2 12 11
3 8 14
1 7 13 5
3 7 8 14
1 7 13 5
4 8 10
3 14 11 7
3 14 8 7
1 5 7
3 7 11
3 14 8 7
3 7 14 8
2 12 6
2 6 11
3 11 14 8 7
3 8 14 11
3 11 8 7 14
3 8 11 7
3 11 7
3 7 14 11
3 14 7 10
1 7 13
2 12 6
3 11 8
3 7 8
2 12 6
2 6 11
1 5 13
2 6 11 12
3 11 7 8
4 10 9
3 8 7
2 6 12
3 14 8 7
3 11 8
4 8 9 6
3 7 14 11
1 13 7
3 11 7 8
3 14 7 11
3 14 8
3 7 14 11
3 8 7
4 8 10
3 8 14 11
3 14 7 8
4 10 8
3 14 8
3 11 8 14
2 6 11 7
3 11 7 9
3 14 11 7
3 8 14 11
1 5 13
4 10 8 9
2 11 12
1 7 13 5
3 7 14 8
3 7 11 8
4 10 8
3 11 8 14 7
3 8 11
4 9 10
1 5 13 7
3 8 14
4 8 10 9
3 14 7
3 14 7
1 13 5
3 7 8
1 13 7
3 8 14
1 7 13 17 18
2 11 6
1 13 7
4 10 9 8
2 11 12
3 11 7 8
3 8 7
4 10 9
3 7 8
3 11 7
3 7 11
1 5 7
3 14 11 7
3 7 8
3 7 8 11 14
4 9 10
4 10 8 9
3 7 8 14
2 12 6 11
2 11 12
2 12 6
4 9 8
3 7 8
3 11 8 7
4 9 10
1 7 13 5
3 8 11 7
2 6 12
1 5 7
3 7 11
3 11 14 7 8
3 14 7 8
4 8 9 10
2 11 6
2 11 6
1 13 7
3 11 7
4 10 8
2 12 6 11
3 14 8
3 7 8
3 11 7
2 12 6 11
4 9 10 8
1 5 7
4 9 10 16
1 5 7
2 11 12
1 13 5
3 14 8 7
3 8 14 11
2 6 12
1 5 7
1 5 13
3 14 8 7
3 11 7 14
4 10 8
2 11 12
3 8 14 7 11
2 6 12
3 7 8
3 14 8 7
4 10 8
3 14 11
3 14 8 7 11
1 5 7
3 7 8
3 11 14
1 5 7
1 7 5
3 8 14
3 7 8 14
3 14 8 7
3 11 7
2 12 6
3 8 7 11
3 14 8 7 11
3 14 11
3 11 7
1 5 7
3 8 11
1 5 13
3 7 11
3 7 14
2 11 12
3 8 7 14
3 11 14
3 7 11
2 12 11
2 12 6 11
3 11 8 7 14
4 9 10
3 14 8 7
4 8 10
3 14 8 11 7
3 7 14 11
1 13 7
3 8 11 14
3 7 8 11
3 14 8
2 12 11 6
3 14 7
4 10 9 8
2 11 12
3 7 14 11
3 7 8
2 12 11
4 10 9
3 14 8
4 10 8
3 14 8
2 6 12
3 14 8
4 10 9
4 8 10
1 5 7
3 11 14
2 12 6
4 9 8 17
3 7 8 14
1 13 5
3 7 14 11
1 13 7
3 8 7 14
3 8 7
3 11 7
3 11 8 14
1 7 5
4 9 8
3 14 11
1 5 7 13
2 6 11
4 8 10 9
3 11 14
2 6 12 11
3 8 11 7
3 7 14
3 8 11 14
4 10 8 9 17
4 10 9 16
3 11 7 14
4 8 9
3 11 8 14
2 12 11
3 7 11
3 11 7
4 10 8 9
1 7 5 13
3 8 14 11
1 7 13
3 8 11 14
4 9 10
2 6 11
2 12 6
3 14 7
3 7 14
2 12 6
3 11 8
4 8 10
3 11 14 7
4 8 9
2 12 6
3 8 7
2 12 6 11
1 5 7
1 7 5
4 10 9
3 11 8 14 7
4 8 9
3 8 7
3 14 7 11
2 12 11
1 5 13
4 10 8
3 11 7
3 8 7
4 9 8 16
1 7 13 5
3 14 8 11 7
3 11 8 14
3 8 14
4 10 8
4 8 10
4 9 8 10
3 7 14 8 11
2 12 11 6
2 11 6 12
1 13 7
2 11 12
3 11 7
4 9 10
4 9 8 10
3 8 14
3 11 8 7 14
3 14 11
1 5 7 13
4 10 8
3 8 7 11
3 14 8 7 11
1 7 5
3 11 7 14
1 13 7 5
2 12 6
1 13 7
4 10 9
3 8 11
2 6 11 12
1 5 13
1 13 7
3 14 7 11
1 13 7
3 11 8
1 13 7
2 6 11 12
3 8 11
3 7 11 8
2 12 6
3 11 14 7 18
4 8 9 10 16
2 12 11 6
4 8 9
1 13 7
3 8 11 14
3 7 14 11
4 10 8 17
2 12 6 11
2 6 12
3 8 11 7
3 8 11 14
3 14 11
4 9 8
4 8 9
3 7 8
4 10 8
3 11 7
2 11 12
3 11 8
2 6 12
4 9 8 16 17
3 8 14 7
3 8 11
1 5 7
3 8 11
3 7 11 14
3 14 7
4 8 9 17
4 10 8 9
4 10 8 16
2 11 6
2 6 11
3 11 7
3 7 14
2 6 11
2 11 12
3 8 7 14
4 10 9
4 9 10
4 10 8
3 11 8 14
4 10 9
2 11 6
3 7 14 11
2 6 12 11
3 11 7 8
3 11 7 8
3 14 8 7
3 8 14
2 11 12
3 11 8 7 14
4 8 9
3 14 8 18
3 7 11
1 7 13 5
2 6 12 11
3 11 7
3 14 7
2 6 11
3 11 14
3 14 8
2 12 6
3 8 14 11
3 8 11
3 8 14 11
2 11 6
3 8 14 7
3 14 7 11
3 11 7 8
2 12 6
2 12 6
3 7 14 11
1 13 5
1 7 5
3 14 7 11
3 11 14 18
3 14 8 15
1 7 13
1 5 13
3 7 11
1 7 13 5
3 14 7
3 11 7 14
3 7 11
4 10 8 9
4 9 8
4 10 8
2 12 6
3 14 7 8
3 7 8
4 8 10
3 7 14
2 6 12
3 8 11
4 10 9
2 6 12
2 11 12 6
3 8 11
3 7 8
1 5 7
4 8 9
3 8 14
3 8 11 7
3 14 7
4 10 9
4 8 10
4 9 8
2 6 12
3 14 11
3 15 11
2 12 11
4 9 10
1 5 7
2 12 11
3 11 7
1 7 5
4 8 9
1 13 7
3 14 8 11 7
3 14 7 11
1 7 5
3 7 11 14
2 12 11
4 10 9 8
3 8 7 11
3 11 7 14 18
1 7 5
1 7 13 5
3 11 8 14 15
4 10 9
3 8 14 11 7
3 11 7 14
3 7 14
3 8 7
4 10 9
1 5 7
2 12 6
3 11 8
3 7 8
1 13 5
3 8 14
2 12 11
3 8 14
2 6 12
3 7 8
2 6 12
3 8 11 7
2 11 12
2 11 12 6
3 14 7
3 7 11
2 12 6 11
2 11 12 6
3 7 11
1 5 7
1 7 13 5
3 7 8
3 7 14 11
1 5 7
1 7 5
3 14 7
1 5 7
1 7 13
1 7 13
3 8 14
1 5 13
3 11 8 7 14 18
3 14 11
3 7 14 11
1 13 7
3 11 8 14 7
4 10 8
2 11 12
3 11 14 8
3 14 8 7
2 12 6
3 11 8 15
3 8 14 15